Contig	SLMCELL	SLMVIRAL	SLW
phage_9	0	1752.7621	0
phage_37	707.9965	2114.1228	0
phage_51	0	0	0
phage_80	0	1522.4253	0
phage_96	0	302.42456	0
phage_126	0	5046.5806	0
phage_168	2590.6628	0	0
phage_190	910.3483	784.1951	0
phage_215	1303.358	0	0
phage_217	0	2417.3115	0
phage_286	0	65.17756	0
phage_294	0	1197.6202	0
phage_307	3409.6887	0	0
phage_363	0	1778.5084	0
phage_403	1793.6912	0	0
phage_425	28219.74	0	0
phage_434	0	146.53754	0
phage_456	0	40.50349	0
phage_496	0	1265.832	0
phage_528	0	60.641315	0
phage_652	2015.9725	0	0
phage_656	0	3077.6604	0
phage_688	1744.1215	0	0
phage_705	1643.3955	0	0
phage_733	0	104.90878	0
phage_767	0	123.10548	0
phage_776	2616.6587	0	0
phage_805	0	198.53395	0
phage_807	501.042	0	96857.69
phage_808	623.1306	600.32477	0
phage_812	4610.4897	202.82942	0
phage_814	1176.8375	0	0
phage_815	1149.8776	0	0
phage_816	0	84.625046	0
phage_817	1847.9995	0	0
phage_819	1305.817	0	0
phage_820	1738.351	0	0
phage_823	1204.6432	0	0
phage_824	0	105.1205	0
phage_825	1549.054	0	0
phage_827	1377.3538	0	0
phage_828	0	124.49402	0
phage_829	0	0	0
phage_831	1425.0609	0	0
phage_832	0	358.4455	0
phage_833	1858.6963	0	0
phage_835	2619.108	0	0
phage_838	0	60.61975	0
phage_839	0	172.59	0
phage_840	2641.1467	0	0
phage_841	0	295.58716	0
phage_842	0	346.70898	0
phage_843	1214.7631	15047.8545	0
phage_844	0	278.11227	0
phage_845	0	227.0737	0
phage_848	2980.9688	45602.43	0
phage_849	1350.3167	7873.3794	0
phage_851	2415.2827	0	0
phage_853	1692.9087	0	0
phage_854	1841.4084	40.26179	0
phage_855	2718.086	0	0
phage_856	1905.0746	0	0
phage_858	2360.0889	0	0
phage_859	4101.7495	0	0
phage_861	0	851.7742	0
phage_862	841.2716	1733.9219	0
phage_863	1727.7815	0	0
phage_864	2095.633	0	0
phage_865	0	112.48695	0
phage_866	0	891.6145	0
phage_867	1472.4238	0	0
phage_868	2758.4604	0	0
phage_869	1466.5939	0	0
phage_871	0	3713.362	0
phage_873	0	1085.8535	0
phage_875	0	212.54456	0
phage_876	6446.367	0	0
phage_877	2957.5437	0	0
phage_878	2001.8832	0	0
phage_879	590.682	79.45013	0
phage_882	0	1000.2431	0
phage_885	0	3392.7214	0
phage_886	0	369.31836	0
phage_888	0	767.45917	0
phage_890	1993.4482	0	0
phage_891	1264.1461	20454.31	0
phage_896	4985.9526	22116.113	124662.7
phage_897	0	5885.877	0
phage_898	1800.0144	0	0
phage_899	2163.8108	0	0
phage_900	577.9015	3447.819	0
phage_901	0	783.4271	0
phage_902	28937.096	17419.598	0
phage_903	0	1058.3757	0
phage_904	0	450.09805	0
phage_907	1407.3582	0	0
phage_909	0	288.19214	0
phage_910	1732.1278	0	0
phage_912	0	37.062363	0
phage_914	1683.0818	0	0
phage_915	0	117.72286	0
phage_919	0	61.570908	0
phage_920	0	134.79666	0
phage_921	0	401.5297	0
phage_923	2401.6357	0	0
phage_932	1399.5737	0	0
phage_933	12349.658	0	0
phage_944	1364.9191	0	0
phage_948	0	51.607216	0
phage_951	0	2133.9841	0
phage_954	2360.243	0	0
phage_975	0	59.53463	0
phage_991	967.6626	0	0
phage_1003	866.78076	963.0474	0
phage_1011	697.6113	2975.9229	0
phage_1025	3395.3433	0	0
phage_1027	0	89.533554	0
phage_1028	3124.3428	124.99988	0
phage_1029	1128.5396	671.3	0
phage_1033	0	84.77489	0
phage_1034	0	533.20966	0
phage_1035	0	788.9874	0
phage_1037	0	84.58479	0
phage_1038	0	147.33768	0
phage_1039	0	185.74922	0
phage_1041	0	1116.4517	0
phage_1042	0	1612.2612	0
phage_1043	0	343.1658	0
phage_1044	0	104.41361	0
phage_1047	1367.3756	0	0
phage_1049	0	70.489876	0
phage_1051	0	105.0768	0
phage_1053	1411.2867	14937.965	0
phage_1054	0	56.504463	0
phage_1056	0	158.04268	0
phage_1062	0	5539.081	0
phage_1074	0	1325.8242	0
phage_1075	0	36.60777	0
phage_1080	0	30.230215	0
phage_1091	0	56.607487	0
phage_1108	1986.0261	0	0
phage_1121	0	562.23584	0
phage_1133	3451.5151	0	0
phage_1140	1867.2278	0	0
phage_1156	2067.0142	0	0
phage_1160	0	754.746	0
phage_1164	0	97.592514	0
phage_1170	1288.4823	0	0
phage_1190	1378.012	0	0
phage_1226	0	1290.9744	0
phage_1228	1734.3568	0	0
phage_1229	0	4981.6133	0
phage_1230	0	625.73083	0
phage_1231	2630.1665	0	0
phage_1232	0	884.70715	0
phage_1233	500.19308	4531.869	0
phage_1234	0	309.32956	0
phage_1236	0	352.2063	0
phage_1237	3049.8318	7047.9263	0
phage_1239	3767.04	0	0
phage_1240	1571.1868	621.7187	0
phage_1241	0	0	0
phage_1242	0	997.2794	0
phage_1244	2519.6892	0	0
phage_1245	0	3894.5088	0
phage_1246	0	82.88496	0
phage_1247	0	3360.6736	0
phage_1249	801.7463	74.89024	0
phage_1250	330.17014	6378.496	0
phage_1251	0	1870.9006	0
phage_1252	0	346.95807	0
phage_1254	1727.7106	0	0
phage_1255	1555.449	0	0
phage_1258	555.18713	0	0
phage_1259	0	503.81122	0
phage_1260	1985.4409	0	0
phage_1261	0	275.24542	0
phage_1263	0	166.83849	0
phage_1265	0	121.623566	0
phage_1266	0	79.40718	0
phage_1267	0	276.19833	0
phage_1269	0	687.5288	0
phage_1270	0	57.550602	0
phage_1271	805.20056	13197.81	0
phage_1272	0	63.071793	0
phage_1273	803.0422	0	0
phage_1274	0	744.85175	0
phage_1275	993.20386	924.4541	0
phage_1276	0	1878.2814	0
phage_1277	4507.211	0	0
phage_1278	1667.8177	0	0
phage_1283	1546.1737	0	0
phage_1285	0	684.00214	0
phage_1286	1249.5881	0	86167.05
phage_1292	0	568.9528	0
phage_1380	1746.2334	0	0
phage_1404	0	61.6179	0
phage_1417	5050.006	0	0
phage_1494	1709.4854	0	0
phage_1498	0	207.36728	0
phage_1596	1429.5133	0	0
phage_1652	0	173.73573	0
phage_1659	2085.6233	0	0
phage_1678	3209.7786	0	0
phage_1687	740.4751	25.575264	0
phage_1718	0	128.68005	0
phage_1837	1585.9263	0	0
phage_1874	0	903.31647	0
phage_1918	1685.9066	0	0
phage_1923	0	478.90256	0
phage_1927	1504.3628	0	0
phage_1972	2484.1123	0	0
phage_1976	1873.1866	0	0
phage_1984	2195.6318	0	0
phage_1988	0	280.19836	0
phage_1991	0	1071.6346	0
phage_1995	1918.0671	0	0
phage_2063	1623.8499	0	0
phage_2082	1274.6533	0	0
phage_2096	0	518.23804	0
phage_2127	1612.0975	0	0
phage_2143	1405.8169	0	0
phage_2167	1511.198	0	0
phage_2196	0	138.30974	0
phage_2200	1737.9564	0	0
phage_2229	0	129.83162	0
phage_2235	0	186.68636	0
phage_2258	1204.0441	0	0
phage_2279	0	597.2619	0
phage_2281	2065.7607	135.05066	0
phage_2289	0	453.59875	0
phage_2304	989.40906	0	0
phage_2339	42919.22	19.560635	0
phage_2346	0	66.319595	0
phage_2358	0	67.0193	0
phage_2427	3160.0188	0	0
phage_2452	0	163.67348	0
phage_2463	2028.3823	0	0
phage_2475	3138.5476	0	0
phage_2484	688.51337	5040.7964	0
phage_2541	1103.231	2446.829	0
phage_2571	0	574.19714	0
phage_2614	0	148.06041	0
phage_2640	0	377.45016	0
phage_2667	1988.6556	0	0
phage_2698	811.9245	23.059582	0
phage_2708	0	66.3392	0
phage_2731	0	118.420204	0
phage_2744	0	71.08828	0
phage_2753	0	64.49438	0
phage_2784	1294.42	0	0
phage_2789	1209.4688	0	0
phage_2818	1292.0704	0	0
phage_2844	494.1842	19.19033	0
phage_2858	1302.4373	0	0
phage_2864	0	234.71387	0
phage_2865	0	3604.452	0
phage_2866	0	245.25423	0
phage_2867	1695.168	0	0
phage_2869	0	1471.4587	0
phage_2875	1697.7421	0	0
phage_2876	2113.1401	49.68184	0
phage_2878	1431.1918	0	0
phage_2880	0	2272.52	0
phage_2882	0	486.37042	0
phage_2883	926.0914	338.3719	0
phage_2885	0	97.695885	0
phage_2886	705.81665	0	0
phage_2888	2063.909	427.92416	0
phage_2890	1667.3104	4737.5986	0
phage_2892	0	367.88467	0
phage_2893	0	298.0359	0
phage_2894	0	7275.9385	0
phage_2898	0	81.66511	0
phage_2899	0	471.76526	0
phage_2900	0	147.14868	0
phage_2901	686.86884	0	53926.57
phage_2904	2081.2432	0	0
phage_2906	0	209.94736	0
phage_2908	2077.3198	0	0
phage_2911	0	1320.9413	0
phage_2912	0	135.08183	0
phage_2913	1486.3204	0	0
phage_2916	513.7749	321.83163	0
phage_2918	1448.7998	0	0
phage_2919	0	803.89575	0
phage_2920	0	1045.1399	0
phage_2921	1166.4427	0	0
phage_2922	1356.9358	0	0
phage_2926	0	79.347374	0
phage_2927	1274.8016	0	0
phage_2929	0	39.717163	0
phage_2930	0	81.2251	0
phage_2931	0	257.0524	0
phage_2933	1363.59	0	0
phage_2934	0	51.359074	0
phage_2935	1601.5692	87.73845	0
phage_2937	1915.9126	0	0
phage_2939	3338.9805	0	0
phage_2940	1018.6316	0	0
phage_2941	775.67456	2614.49	0
phage_2942	0	87.84035	0
phage_2943	0	250.80415	0
phage_2945	0	56.65501	0
phage_2946	0	160.60683	0
phage_2947	1604.8258	0	0
phage_2948	0	138.17645	0
phage_2949	2727.7146	48.598904	0
phage_2951	3130.2048	0	0
phage_2954	0	63.918255	0
phage_2956	4535.116	0	0
phage_2958	3549.1504	0	0
phage_2959	1438.444	0	0
phage_2960	0	260.74704	0
phage_2961	1025.3972	0	0
phage_2962	1000.152	0	0
phage_2973	1355.5577	0	0
phage_2978	0	36.369232	0
phage_2984	0	45.94179	0
phage_3042	0	473.3392	0
phage_3046	0	57.39401	0
phage_3055	2525.8772	0	0
phage_3056	0	42.065586	0
phage_3064	9333.175	7353.2637	0
phage_3065	29503.066	2629.5847	0
phage_3066	0	0	111518.59
phage_3067	1375.9686	16152.069	0
phage_3068	0	895.28644	0
phage_3069	1011.6424	16342.83	0
phage_3070	2559.8643	9806.628	0
phage_3071	0	592.03864	0
phage_3072	3852.5242	0	0
phage_3073	865.67175	14334.628	0
phage_3074	792.82294	10683.866	0
phage_3075	0	2540.321	0
phage_3076	457.1093	224.47852	0
phage_3077	1090.1399	19112.514	0
phage_3078	763.28186	11673.113	0
phage_3079	3290.575	0	0
phage_3080	2810.5789	0	0
phage_3081	0	171.69118	0
phage_3082	851.63	9053.527	0
phage_3083	4515.364	744.6	0
phage_3084	2186.639	0	0
phage_3085	0	243.47981	0
phage_3086	1988.7809	0	0
phage_3087	0	1798.2781	0
phage_3088	0	0	147991.27
phage_3089	848.7881	10652.896	0
phage_3090	2086.4836	23683.63	0
phage_3091	0	329.2212	0
phage_3092	673.36554	2024.2922	0
phage_3093	0	8195.573	0
phage_3094	3604.7803	0	0
phage_3095	1981.6395	0	0
phage_3096	0	143.59612	0
phage_3097	0	1013.58966	0
phage_3098	0	3818.0405	0
phage_3099	0	141.44928	0
phage_3100	672.13983	572.033	0
phage_3101	0	533.54895	0
phage_3102	995.1532	933.3148	0
phage_3104	1258.7986	12286.967	0
phage_3106	543.9543	933.13763	0
phage_3108	0	0	124010.125
phage_3109	1493.0195	0	0
phage_3110	6042.0923	93516.18	0
phage_3112	2085.0605	32124.176	0
phage_3114	0	284.19424	0
phage_3116	0	351.3128	0
phage_3118	0	749.1875	0
phage_3119	1976.278	0	0
phage_3120	0	760.2307	0
phage_3121	0	1441.4137	0
phage_3122	0	72.903015	0
phage_3124	1706.685	0	0
phage_3125	0	219.77487	0
phage_3126	0	237.77792	0
phage_3128	1059.8513	3109.0208	0
phage_3129	1463.1781	116.74504	0
phage_3130	2457.5046	0	0
phage_3132	0	170.02527	0
phage_3133	1487.4349	544.4535	0
phage_3134	1713.164	0	0
phage_3135	0	441.13458	0
phage_3136	0	364.0855	0
phage_3138	798.5193	829.11365	0
phage_3140	2172.46	0	0
phage_3141	1542.6411	0	0
phage_3142	606.86816	9349.22	0
phage_3143	1807.4869	3666.574	0
phage_3145	6381.231	0	0
phage_3146	2488.703	0	0
phage_3148	0	100.88719	0
phage_3150	384.1417	4787.893	0
phage_3151	2093.2969	0	0
phage_3152	2416.0222	7155.263	0
phage_3153	0	384.22632	0
phage_3154	0	208.68578	0
phage_3155	399.90497	80.09404	0
phage_3157	0	176.67728	0
phage_3158	4962.2036	0	0
phage_3159	0	1080.6046	0
phage_3162	0	71.19833	0
phage_3163	0	3147.6267	0
phage_3184	3001.777	0	0
phage_3208	0	175.40538	0
phage_3230	1610.9318	0	0
phage_3233	0	247.32915	0
phage_3264	0	86.642204	0
phage_3265	0	61.48776	0
phage_3266	0	654.9462	0
phage_3268	1710.6024	0	0
phage_3269	0	925.3635	29781.459
phage_3270	581.5135	1236.729	0
phage_3271	1798.9615	0	0
phage_3272	0	54.585697	0
phage_3273	0	250.92184	0
phage_3274	0	38.615543	0
phage_3275	0	96.610374	0
phage_3276	1476.6228	0	0
phage_3277	1428.5055	0	0
phage_3278	929.06104	110.947975	0
phage_3280	0	113.85243	0
phage_3281	0	142.12213	0
phage_3283	0	81.93314	0
phage_3284	0	280.9784	0
phage_3286	1528.9867	0	0
phage_3292	2027.022	0	0
phage_3294	0	209.0804	0
phage_3295	5284.3193	0	0
phage_3299	0	348.0789	0
phage_3300	672.7202	74.91603	0
phage_3301	0	3374.7214	0
phage_3302	0	128.66177	0
phage_3303	0	51.53133	0
phage_3304	0	88.961426	0
phage_3305	0	67.74234	0
phage_3308	0	105.45125	0
phage_3309	0	621.3053	0
phage_3311	1936.8217	0	0
phage_3313	1635.6028	0	0
phage_3314	1620.924	0	0
phage_3315	1030.8606	54.957184	0
phage_3316	1285.1554	0	0
phage_3317	0	87.36398	0
phage_3318	1462.906	0	0
phage_3319	0	783.18726	0
phage_3320	1601.108	0	0
phage_3321	680.283	27.614555	0
phage_3324	0	111.744705	0
phage_3325	1787.9	0	0
phage_3326	0	83.477135	0
phage_3327	0	56.975777	0
phage_3331	0	146.32947	0
phage_3333	1708.0569	2542.7048	0
phage_3334	2254.2644	0	0
phage_3335	1467.613	0	0
phage_3336	371.02737	4809.258	0
phage_3339	0	1276.8506	0
phage_3343	0	233.49977	0
phage_3345	0	700.1126	0
phage_3346	545.9916	1006.67206	0
phage_3347	0	223.86879	0
phage_3350	1394.5973	0	0
phage_3355	413.5905	0	55282.113
phage_3356	1761.2155	0	0
phage_3358	0	154.28212	0
phage_3360	0	62.424908	0
phage_3362	0	864.3353	0
phage_3363	1215.0931	0	0
phage_3366	0	170.00499	0
phage_3367	0	147.30888	0
phage_3380	3113.3274	0	0
phage_3393	1069.284	0	0
phage_3396	2041.7466	0	0
phage_3428	1322.6279	0	0
phage_3431	0	19983.594	0
phage_3500	1763.1044	0	0
phage_3509	0	167.47485	0
phage_3544	1343.1488	0	0
phage_3551	1417.1765	37.72605	0
phage_3554	3257.8171	0	0
phage_3583	1025.5479	160.75394	0
phage_3589	0	430.79367	0
phage_3621	0	319.5562	0
phage_3627	0	3241.9392	0
phage_3644	1633.8218	0	0
phage_3668	1916.3502	0	0
phage_3676	747.5129	5815.1304	0
phage_3679	1437.7377	0	0
phage_3733	0	455.02444	0
phage_3830	4982.21	0	0
phage_3837	1130.5939	0	0
phage_3888	2162.9485	0	0
phage_3913	0	609.1493	0
phage_3940	1770.9758	21.552967	0
phage_4048	1845.6041	0	0
phage_4055	906.9861	428.8319	0
phage_4061	467.1922	4903.2744	0
phage_4063	1202.2886	0	0
phage_4065	1177.2877	0	0
phage_4067	0	324.76904	0
phage_4068	0	89.033905	0
phage_4071	1043.1624	0	0
phage_4072	0	42.22797	0
phage_4073	1541.0367	0	0
phage_4075	0	40.94023	0
phage_4076	373.50394	7815.9243	0
phage_4077	1091.1051	0	0
phage_4079	1564.2257	0	0
phage_4080	0	61.76204	0
phage_4081	1460.5786	0	0
phage_4082	0	48.732613	0
phage_4083	0	80.03135	0
phage_4086	0	4059.0073	0
phage_4089	1633.676	0	0
phage_4090	0	47.21548	0
phage_4091	0	1413.5334	0
phage_4093	0	36.846367	0
phage_4095	0	178.41841	0
phage_4096	0	54.607407	0
phage_4098	0	401.7756	0
phage_4101	2394.7573	0	0
phage_4102	1085.5208	0	0
phage_4122	0	121.834274	0
phage_4173	717.5384	0	0
phage_4195	532.22235	63.856895	0
phage_4200	0	81.639565	0
phage_4231	0	624.7407	0
phage_4290	1406.5443	0	0
phage_4293	1391.7395	0	0
phage_4363	0	313.218	0
phage_4389	3495.0576	0	0
phage_4431	2908.268	0	0
phage_4457	1158.416	0	0
phage_4460	1582.5911	0	0
phage_4476	0	394.9319	0
phage_4478	2115.6423	0	0
phage_4480	0	204.48537	0
phage_4484	2064.461	34.784145	0
phage_4485	1204.0986	0	0
phage_4488	324.88766	2889.925	0
phage_4490	0	104.80449	0
phage_4491	1892.7638	0	0
phage_4492	669.34766	277.55557	0
phage_4494	0	88.66845	0
phage_4495	1414.2603	0	0
phage_4496	2906.6309	0	0
phage_4497	0	336.61008	0
phage_4498	0	218.78822	0
phage_4500	0	895.2152	0
phage_4501	1372.5219	0	0
phage_4502	0	40.68995	0
phage_4503	0	168.58696	0
phage_4504	1126.069	0	0
phage_4506	1494.9558	0	0
phage_4508	0	203.4868	0
phage_4509	1599.4003	0	0
phage_4510	1781.8844	0	0
phage_4511	0	156.0945	0
phage_4512	797.79846	5695.177	0
phage_4514	0	203.08046	0
phage_4515	1217.2325	0	0
phage_4516	1297.589	0	0
phage_4517	1600.0394	0	0
phage_4518	0	381.64877	0
phage_4519	0	163.37813	0
phage_4521	0	204.9858	0
phage_4523	2069.2903	2456.9949	0
phage_4524	1592.8428	0	0
phage_4526	0	74.339905	0
phage_4527	0	423.74695	0
phage_4531	0	958.61707	0
phage_4532	0	64.52299	0
phage_4534	1321.3141	137.258	0
phage_4535	0	1299.8016	0
phage_4537	0	135.66653	0
phage_4539	1274.4801	0	0
phage_4540	0	85.544395	0
phage_4542	0	80.66597	0
phage_4543	0	77.56801	0
phage_4544	0	68.31227	0
phage_4546	1038.1633	0	0
phage_4548	0	114.022484	0
phage_4549	3399.8245	0	0
phage_4550	1454.6715	0	0
phage_4552	0	156.88965	0
phage_4553	941.8866	0	0
phage_4554	1063.827	3364.1448	0
phage_4556	0	2822.272	0
phage_4557	1440.059	0	0
phage_4652	0	204.1068	0
phage_4699	0	79.68156	0
phage_4732	606.955	171.11186	0
phage_4733	0	802.09424	0
phage_4734	0	830.4974	0
phage_4735	2742.945	0	0
phage_4736	1666.781	0	0
phage_4742	0	104.68861	0
phage_4743	1456.2538	0	0
phage_4745	0	945.02045	0
phage_4746	0	76.79215	0
phage_4748	914.37646	59.667637	0
phage_4749	0	40.76522	0
phage_4750	7977.372	0	0
phage_4751	0	127.45481	0
phage_4752	1638.2427	0	0
phage_4756	0	3637.7507	0
phage_4758	1538.4032	0	0
phage_4760	6259.991	1454.677	0
phage_4761	0	2222.1045	0
phage_4763	0	302.01758	0
phage_4765	1610.9194	0	0
phage_4766	6736.4307	59.489796	0
phage_4767	2315.4097	0	0
phage_4769	1441.8832	0	0
phage_4770	0	320.86722	0
phage_4775	0	767.47894	0
phage_4776	0	98.75355	0
phage_4777	867.3492	313.66068	0
phage_4779	1222.2338	0	0
phage_4781	0	93.99291	0
phage_4782	2117.75	0	0
phage_4784	0	244.40714	0
phage_4785	971.2248	0	0
phage_4787	3118.2063	0	0
phage_4788	1623.3109	0	0
phage_4790	790.67773	0	30014.092
phage_4855	0	1750.1339	0
phage_4865	0	510.1541	0
phage_4867	0	1291.9695	0
phage_4943	1155.7947	0	0
phage_4978	1651.5585	0	0
phage_5006	3858.5562	0	0
phage_5012	3353.8313	0	0
phage_5084	2924.7996	0	0
phage_5095	0	208.92772	0
phage_5107	0	60.536846	0
phage_5136	1323.7307	0	0
phage_5138	1358.1923	328.64902	0
phage_5145	1546.3071	0	0
phage_5159	578.44464	123.96432	0
phage_5208	0	108.07721	0
phage_5239	509.01935	110.186455	0
phage_5251	0	204.88318	0
phage_5252	1028.4724	0	0
phage_5259	1254.647	0	0
phage_5295	1955.7465	0	0
phage_5296	414.56433	7505.7275	0
phage_5297	739.4804	109.94912	0
phage_5298	0	508.74347	0
phage_5300	2356.9578	0	0
phage_5301	910.2068	6198.113	0
phage_5303	0	1385.6672	0
phage_5304	0	425.59372	0
phage_5306	0	191.78575	0
phage_5307	1894.8191	0	0
phage_5308	0	54.700237	0
phage_5309	0	1257.2131	0
phage_5311	1489.7831	0	0
phage_5313	0	382.55576	0
phage_5314	0	946.32227	0
phage_5315	2221.4539	0	0
phage_5316	1574.5573	0	0
phage_5317	6764.38	0	0
phage_5318	3057.51	337.66898	0
phage_5319	4786.14	0	0
phage_5322	0	83.90134	0
phage_5324	1899.1554	0	0
phage_5348	0	124.90513	0
phage_5389	0	67.32661	0
phage_5418	1105.2783	0	0
phage_5433	0	91.73732	0
phage_5434	1326.5363	0	0
phage_5447	0	491.79282	0
phage_5456	1284.1599	0	0
phage_5477	943.468	0	0
phage_5496	1104.241	0	0
phage_5508	1872.6561	0	0
phage_5537	0	59.72286	0
phage_5561	0	833.3738	0
phage_5563	0	744.34265	0
phage_5573	0	35.85373	0
phage_5626	0	87.94537	0
phage_5654	0	34.926384	0
phage_5668	0	45.374218	0
phage_5669	3642.2444	60869.613	0
phage_5683	1323.4745	0	0
phage_5697	2414.9602	0	0
phage_5726	3355.0566	0	0
phage_5728	0	259.63736	0
phage_5731	9427.121	83.92798	0
phage_5732	0	248.54593	0
phage_5734	0	314.1142	0
phage_5735	0	826.57227	0
phage_5739	1576.6444	0	0
phage_5740	0	63.442074	0
phage_5742	0	156.16016	0
phage_5744	0	763.7552	0
phage_5746	1352.3916	0	0
phage_5747	5775.255	0	0
phage_5749	0	408.12506	0
phage_5751	4347.1895	0	0
phage_5752	0	615.02716	0
phage_5755	1769.2085	0	0
phage_5756	0	2735.1555	0
phage_5759	0	435.55075	0
phage_5760	0	722.3231	0
phage_5761	1268.7706	0	0
phage_5762	1658.24	0	0
phage_5763	0	2428.5276	0
phage_5764	0	517.252	0
phage_5765	0	596.59814	0
phage_5766	1667.0067	0	0
phage_5783	1085.2831	0	0
phage_5788	1496.976	0	0
phage_5836	1355.042	0	0
phage_5854	1630.1323	0	0
phage_5855	3477.0515	0	0
phage_5856	2269.9846	0	0
phage_5858	0	303.61227	0
phage_5867	3979.0757	0	0
phage_5868	1337.98	0	0
phage_5869	3947.888	0	0
phage_5871	3810.2146	0	0
phage_5873	1493.8691	0	0
phage_5874	0	48.761066	0
phage_5876	0	39.782482	0
phage_5877	0	428.63525	0
phage_5878	0	174.16623	0
phage_5879	0	53.510315	0
phage_5880	1191.7509	0	0
phage_5881	1511.1116	0	0
phage_5884	1359.4578	0	0
phage_5885	0	794.5145	0
phage_5889	0	2012.511	0
phage_5890	585.11664	261.00928	0
phage_5891	2293.1685	0	0
phage_5893	0	1735.3132	0
phage_5894	0	187.4685	0
phage_5895	0	171.29408	0
phage_5896	1068.0275	0	0
phage_5897	1063.6683	0	0
phage_5898	0	68.13498	0
phage_5905	0	266.80145	0
phage_5906	0	51.777195	0
phage_5907	1243.5573	20.9114	0
phage_5912	1749.1436	0	0
phage_5913	0	665.7152	0
phage_5914	0	96.065285	0
phage_5916	0	1002.4151	0
phage_5917	0	3427.7722	0
phage_5919	0	777.7364	0
phage_5920	0	56.169853	0
phage_5921	0	48.495197	0
phage_5922	1693.3584	0	0
phage_5923	1735.0417	3963.7444	0
phage_5924	0	556.9361	0
phage_5925	0	43.69001	0
phage_5926	1556.9642	0	0
phage_5927	1078.4252	0	0
phage_5929	891.0896	0	0
phage_5931	2175.3647	156.09271	0
phage_5932	0	705.1997	0
phage_5994	0	93.17593	0
phage_5995	0	661.7694	0
phage_6002	0	1231.164	0
phage_6016	2119.4268	0	0
phage_6070	327.86954	216.2075	0
phage_6131	1726.6968	0	0
phage_6133	2982.1018	0	0
phage_6166	1093.9777	0	0
phage_6170	0	3709.8225	0
phage_6179	0	461.5947	0
phage_6180	0	98.996735	0
phage_6189	974.69507	11730.261	0
phage_6224	0	73.015594	0
phage_6232	0	318.61108	0
phage_6246	0	222.33286	0
phage_6269	0	108.86993	0
phage_6272	1278.9761	0	0
phage_6280	1930.05	0	0
phage_6313	4316.954	0	0
phage_6333	0	59.69359	0
phage_6334	919.48627	406.93228	0
phage_6337	2529.3413	0	0
phage_6338	1524.2682	0	0
phage_6339	1920.1746	0	0
phage_6344	0	73.384254	0
phage_6347	0	47.73529	0
phage_6349	0	115.724014	0
phage_6352	0	66.40003	0
phage_6353	0	398.73834	0
phage_6355	0	481.02643	0
phage_6356	0	104.80238	0
phage_6357	1631.3143	0	0
phage_6358	1406.647	0	0
phage_6359	1365.8448	0	0
phage_6365	3658.2507	226.72144	0
phage_6367	0	39.66425	0
phage_6369	1174.3615	1275.8835	107672.99
phage_6371	2193.6267	0	0
phage_6372	0	797.436	0
phage_6400	0	340.2082	0
phage_6432	2843.6575	0	0
phage_6441	0	74.33657	0
phage_6466	333.16486	6768.113	0
phage_6468	0	149.69589	0
phage_6550	1632.6075	0	0
phage_6558	1624.1162	0	0
phage_6568	1980.6316	0	0
phage_6613	1834.8025	0	0
phage_6620	0	425.85663	0
phage_6637	0	61.905804	0
phage_6692	1485.7245	0	0
phage_6694	0	230.30121	0
phage_6703	681.08405	181.40845	32115.492
phage_6738	0	183.95847	0
phage_6752	1688.6614	0	0
phage_6765	1524.2792	0	0
phage_6772	0	832.04004	0
phage_6790	3197.945	0	0
phage_6831	0	177.6044	0
phage_6843	0	45.77185	0
phage_6854	0	605.50336	0
phage_6857	2046.2974	0	0
phage_6869	1673.2471	0	0
phage_6910	1663.6556	632.0613	0
phage_6926	2701.647	0	0
phage_6953	1759.5072	0	0
phage_6978	0	234.87396	0
phage_6993	2092.874	0	0
phage_6994	1523.8975	0	0
phage_7059	4968.758	0	0
phage_7062	3117.4036	0	0
phage_7083	1292.0261	0	0
phage_7120	1117.5243	0	0
phage_7157	0	63.10163	0
phage_7194	0	182.97131	0
phage_7295	0	649.57465	0
phage_809	2476.0164	3194.918	0
phage_881	2003.9855	28376.678	0
phage_1030	4067.8582	0	0
phage_1279	0	390.23123	0
phage_2102	2401.8315	0	0
phage_2879	2923.9753	748.9171	0
phage_2884	0	3583.295	0
phage_2955	3718.24	338.55493	0
phage_3105	811.2481	10509.154	0
phage_3288	5483.7925	0	0
phage_4062	3116.4941	0	0
phage_4771	0	2205.161	0
phage_4773	0	87.43582	0
phage_4774	5564.246	0	0
phage_5310	0	673.01984	0
phage_5593	0	5814.4175	0
phage_5737	7590.0034	0	0
phage_5882	0	1895.768	0
phage_5908	6274.952	0	0
phage_5918	0	1065.7336	0
phage_5928	0	434.86197	0
phage_6345	0	109.55191	0
phage_1672	1309.7557	0	0